MIN=0	0	0	0	0
MAX=10	100	1023	1023	2000
SCALE=10	5	100	500	500
DEC=2	0	0	1	0
DEF="Zeit" t / min	"Ereignisse" N_A	"Kanal" n_A	"Energie" E_A / keV	"Spannung" U_A / V
0	0	0	0	-1,1640625
0,0166833333333333	0	1	1	-1,94010416666667
0,03335	0	2	2	-2,328125
0,05	0	3	3	-1,55208333333333
0,0666833333333333	0	4	4	-1,55208333333333
0,08335	0	5	5	-2,328125
0,1	0	6	6	-2,328125
0,116683333333333	0	7	7	-1,1640625
0,13335	0	8	8	-2,328125
0,15	1	9	9	-2,328125
0,166683333333333	2	10	10	-2,328125
0,183333333333333	13	11	11	-1,55208333333333
0,200016666666667	8	12	12	-2,328125
0,216666666666667	13	13	13	-1,55208333333333
0,233333333333333	13	14	14	-2,328125
0,25	13	15	15	-1,94010416666667
0,266683333333333	10	16	16	-1,94010416666667
0,28335	11	17	17	-1,94010416666667
0,3	11	18	18	-2,328125
0,316683333333333	10	19	19	-1,94010416666667
0,333333333333333	15	20	20	-2,328125
0,350016666666667	8	21	21	-1,94010416666667
0,366666666666667	11	22	22	-2,328125
0,38335	10	23	23	-2,328125
0,4	9	24	24	-2,328125
0,416666666666667	13	25	25	-2,328125
0,433333333333333	12	26	26	-1,94010416666667
0,45	14	27	27	-2,328125
0,466666666666667	11	28	28	-2,328125
0,48335	12	29	29	-2,328125
0,5	10	30	30	-2,328125
0,516683333333333	15	31	31	-2,328125
0,533333333333333	12	32	32	-1,94010416666667
0,55	13	33	33	-2,328125
0,566666666666667	17	34	34	-2,328125
0,583333333333333	15	35	35	-2,328125
0,600016666666667	21	36	36	-2,328125
0,616666666666667	12	37	37	-2,328125
0,63335	9	38	38	-1,94010416666667
0,65	18	39	39	-1,94010416666667
0,666683333333333	19	40	40	-2,328125
0,683316666666667	16	41	41	-2,328125
0,7	21	42	42	-1,55208333333333
0,716683333333333	14	43	43	-2,328125
0,733333333333333	13	44	44	-1,1640625
0,75	21	45	45	-1,94010416666667
0,766666666666667	23	46	46	-2,328125
0,783333333333333	20	47	47	-1,94010416666667
0,8	14	48	48	-1,55208333333333
0,816666666666667	13	49	49	-2,328125
0,833333333333333	15	50	50	-2,328125
0,85	22	51	51	-2,328125
0,866683333333333	11	52	52	-2,328125
0,883333333333333	21	53	53	-1,94010416666667
0,9	19	54	54	-1,1640625
0,916666666666667	17	55	55	-1,55208333333333
0,93335	16	56	56	-2,328125
0,95	17	57	57	-2,328125
0,966683333333333	13	58	58	-1,1640625
0,98335	7	59	59	-2,328125
0,999983333333333	20	60	60	-2,328125
1,01666666666667	21	61	61	-1,55208333333333
1,03333333333333	16	62	62	-1,94010416666667
1,05	15	63	63	-1,55208333333333
1,06666666666667	18	64	64	-1,94010416666667
1,08335	22	65	65	-1,55208333333333
1,10001666666667	13	66	66	-1,55208333333333
1,11668333333333	17	67	67	-2,328125
1,13335	15	68	68	-2,328125
1,15001666666667	14	69	69	-1,55208333333333
1,16668333333333	21	70	70	-1,94010416666667
1,18335	19	71	71	-1,1640625
1,2	26	72	72	-1,94010416666667
1,21668333333333	14	73	73	-2,328125
1,23333333333333	22	74	74	-1,94010416666667
1,25001666666667	17	75	75	-2,328125
1,26668333333333	17	76	76	-2,328125
1,28335	22	77	77	-1,55208333333333
1,3	18	78	78	-2,328125
1,31666666666667	21	79	79	-2,328125
1,33331666666667	29	80	80	-2,328125
1,35	25	81	81	-1,94010416666667
1,36668333333333	14	82	82	-2,328125
1,38335	22	83	83	-2,328125
1,40001666666667	26	84	84	-2,328125
1,41668333333333	19	85	85	-1,94010416666667
1,43333333333333	22	86	86	-1,94010416666667
1,45001666666667	34	87	87	-1,94010416666667
1,46668333333333	21	88	88	-1,94010416666667
1,48335	21	89	89	-1,55208333333333
1,5	33	90	90	-2,328125
1,51668333333333	28	91	91	-1,94010416666667
1,53335	34	92	92	-2,328125
1,55	33	93	93	-1,55208333333333
1,56668333333333	31	94	94	-2,328125
1,58335	34	95	95	-1,94010416666667
1,6	36	96	96	-1,55208333333333
1,61666666666667	34	97	97	-2,328125
1,63335	34	98	98	-1,1640625
1,65001666666667	39	99	99	-2,328125
1,66666666666667	31	100	100	-2,328125
1,68335	33	101	101	-1,94010416666667
1,70001666666667	52	102	102	-1,94010416666667
1,71666666666667	52	103	103	-2,328125
1,73335	33	104	104	-2,328125
1,75	41	105	105	-1,55208333333333
1,76665	44	106	106	-2,328125
1,78335	40	107	107	-1,94010416666667
1,8	44	108	108	-1,55208333333333
1,81666666666667	43	109	109	-1,55208333333333
1,83335	39	110	110	-1,94010416666667
1,85001666666667	51	111	111	-2,328125
1,86668333333333	46	112	112	-1,55208333333333
1,88333333333333	44	113	113	-2,328125
1,9	63	114	114	-1,94010416666667
1,91666666666667	41	115	115	-1,94010416666667
1,93333333333333	48	116	116	-1,94010416666667
1,95	47	117	117	-2,328125
1,96666666666667	50	118	118	-2,328125
1,98335	48	119	119	-1,94010416666667
2	70	120	120	-1,55208333333333
2,01668333333333	47	121	121	-1,94010416666667
2,03333333333333	58	122	122	-1,55208333333333
2,05	66	123	123	-2,328125
2,06668333333333	61	124	124	-2,328125
2,08333333333333	49	125	125	-2,328125
2,1	67	126	126	-1,1640625
2,11666666666667	57	127	127	-2,328125
2,13333333333333	61	128	128	-1,55208333333333
2,14998333333333	61	129	129	-1,55208333333333
2,16668333333333	55	130	130	-1,94010416666667
2,18335	58	131	131	-2,328125
2,2	64	132	132	-2,328125
2,21665	65	133	133	-2,328125
2,23333333333333	65	134	134	-1,94010416666667
2,25	57	135	135	-1,55208333333333
2,26666666666667	59	136	136	-2,328125
2,28333333333333	64	137	137	-2,328125
2,29998333333333	76	138	138	-2,328125
2,31666666666667	58	139	139	-1,94010416666667
2,33331666666667	72	140	140	-1,94010416666667
2,35	68	141	141	-2,328125
2,36666666666667	65	142	142	-2,328125
2,38333333333333	46	143	143	-1,94010416666667
2,4	73	144	144	-1,55208333333333
2,41665	70	145	145	-1,55208333333333
2,43335	64	146	146	-2,328125
2,44998333333333	71	147	147	-2,328125
2,46666666666667	56	148	148	-1,55208333333333
2,48335	58	149	149	-2,328125
2,5	69	150	150	-1,94010416666667
2,51666666666667	55	151	151	-2,328125
2,53335	72	152	152	-1,94010416666667
2,55	72	153	153	-1,94010416666667
2,56668333333333	63	154	154	-1,94010416666667
2,58333333333333	71	155	155	-1,94010416666667
2,60001666666667	73	156	156	-2,328125
2,61666666666667	71	157	157	-2,328125
2,63333333333333	69	158	158	-1,94010416666667
2,65	64	159	159	-1,55208333333333
2,66666666666667	58	160	160	-1,1640625
2,68333333333333	71	161	161	-1,55208333333333
2,70001666666667	53	162	162	-1,94010416666667
2,71666666666667	64	163	163	-1,94010416666667
2,73333333333333	63	164	164	-2,328125
2,75001666666667	65	165	165	-1,94010416666667
2,76666666666667	59	166	166	-1,94010416666667
2,78335	79	167	167	-1,94010416666667
2,8	74	168	168	-2,328125
2,81666666666667	58	169	169	-1,55208333333333
2,83333333333333	54	170	170	-1,55208333333333
2,85001666666667	54	171	171	-1,94010416666667
2,86666666666667	55	172	172	-1,94010416666667
2,88333333333333	65	173	173	-1,55208333333333
2,9	67	174	174	-1,94010416666667
2,91668333333333	69	175	175	-1,94010416666667
2,93333333333333	77	176	176	-1,1640625
2,95001666666667	64	177	177	-1,94010416666667
2,96666666666667	58	178	178	-1,1640625
2,98333333333333	66	179	179	-2,328125
3,00001666666667	67	180	180	-2,328125
3,01666666666667	55	181	181	-2,328125
3,03335	53	182	182	-1,1640625
3,05	62	183	183	-2,328125
3,06666666666667	71	184	184	-2,328125
3,08331666666667	60	185	185	-2,328125
3,1	42	186	186	-2,328125
3,11668333333333	39	187	187	-2,328125
3,13333333333333	56	188	188	-1,1640625
3,15001666666667	59	189	189	-1,94010416666667
3,16666666666667	65	190	190	-1,55208333333333
3,18333333333333	66	191	191	-2,328125
3,19998333333333	66	192	192	-2,328125
3,21666666666667	66	193	193	-2,328125
3,23333333333333	66	194	194	-2,328125
3,25	84	195	195	-2,328125
3,26666666666667	56	196	196	-1,1640625
3,28333333333333	65	197	197	-1,55208333333333
3,3	59	198	198	-2,328125
3,31666666666667	59	199	199	-1,1640625
3,33331666666667	71	200	200	-1,94010416666667
3,34998333333333	57	201	201	-1,94010416666667
3,36666666666667	45	202	202	-2,328125
3,38333333333333	62	203	203	-2,328125
3,39998333333333	66	204	204	-1,55208333333333
3,41666666666667	52	205	205	-2,328125
3,43333333333333	60	206	206	-1,55208333333333
3,45001666666667	62	207	207	-1,55208333333333
3,46666666666667	54	208	208	-1,1640625
3,48333333333333	51	209	209	-1,1640625
3,5	52	210	210	-1,94010416666667
3,51665	55	211	211	-1,94010416666667
3,53333333333333	55	212	212	-1,1640625
3,55001666666667	56	213	213	-1,94010416666667
3,56666666666667	47	214	214	-2,328125
3,58331666666667	56	215	215	-1,55208333333333
3,6	80	216	216	-2,328125
3,61665	49	217	217	-1,94010416666667
3,63331666666667	46	218	218	-2,328125
3,64998333333333	53	219	219	-1,1640625
3,66668333333333	50	220	220	-1,94010416666667
3,68331666666667	53	221	221	-2,328125
3,7	54	222	222	-1,55208333333333
3,71666666666667	38	223	223	-2,328125
3,73333333333333	42	224	224	-2,328125
3,75	64	225	225	-2,328125
3,76666666666667	48	226	226	-1,55208333333333
3,78333333333333	45	227	227	-1,94010416666667
3,8	50	228	228	-2,328125
3,81666666666667	34	229	229	-1,94010416666667
3,83333333333333	46	230	230	-2,328125
3,85001666666667	55	231	231	-2,328125
3,86668333333333	53	232	232	-1,55208333333333
3,88333333333333	45	233	233	-1,94010416666667
3,9	49	234	234	-2,328125
3,91668333333333	38	235	235	-1,1640625
3,93335	54	236	236	-2,328125
3,95	59	237	237	-1,94010416666667
3,96666666666667	44	238	238	-1,55208333333333
3,98335	48	239	239	-1,1640625
4	47	240	240	-2,328125
4,01666666666667	48	241	241	-1,55208333333333
4,03333333333333	50	242	242	-2,328125
4,05	38	243	243	-2,328125
4,06668333333333	40	244	244	-2,328125
4,08333333333333	32	245	245	-2,328125
4,1	43	246	246	-1,94010416666667
4,11666666666667	46	247	247	-1,55208333333333
4,13335	57	248	248	-1,55208333333333
4,15	47	249	249	-1,55208333333333
4,16666666666667	48	250	250	-2,328125
4,18333333333333	38	251	251	-1,94010416666667
4,2	49	252	252	-1,94010416666667
4,21666666666667	33	253	253	-1,94010416666667
4,23335	35	254	254	-1,55208333333333
4,25	44	255	255	-2,328125
4,26668333333333	66	256	256	-2,328125
4,28335	38	257	257	-1,55208333333333
4,29998333333333	34	258	258	-1,94010416666667
4,31666666666667	30	259	259	-1,55208333333333
4,33333333333333	35	260	260	-1,94010416666667
4,35	48	261	261	-1,94010416666667
4,36668333333333	38	262	262	-2,328125
4,38333333333333	35	263	263	-2,328125
4,4	38	264	264	-1,55208333333333
4,41668333333333	21	265	265	-1,94010416666667
4,43333333333333	29	266	266	-1,94010416666667
4,45001666666667	31	267	267	-2,328125
4,46666666666667	32	268	268	-1,94010416666667
4,48331666666667	36	269	269	-1,1640625
4,5	39	270	270	-1,55208333333333
4,51666666666667	32	271	271	-2,328125
4,53335	33	272	272	-2,328125
4,54998333333333	39	273	273	-2,328125
4,56666666666667	48	274	274	-1,94010416666667
4,58331666666667	31	275	275	-1,94010416666667
4,6	24	276	276	-1,94010416666667
4,61665	49	277	277	-1,94010416666667
4,63331666666667	32	278	278	-1,55208333333333
4,64998333333333	28	279	279	-1,94010416666667
4,66666666666667	36	280	280	-1,55208333333333
4,68333333333333	46	281	281	-1,55208333333333
4,7	39	282	282	-2,328125
4,71666666666667	32	283	283	-2,328125
4,73333333333333	32	284	284	-2,328125
4,75	42	285	285	-2,328125
4,76665	34	286	286	-2,328125
4,78333333333333	27	287	287	-2,328125
4,8	30	288	288	-2,328125
4,81666666666667	22	289	289	-1,94010416666667
4,83333333333333	22	290	290	-1,55208333333333
4,85	31	291	291	-1,94010416666667
4,86666666666667	31	292	292	-1,55208333333333
4,88331666666667	35	293	293	-2,328125
4,89998333333333	27	294	294	-2,328125
4,91666666666667	30	295	295	-1,94010416666667
4,93333333333333	35	296	296	-2,328125
4,94998333333333	30	297	297	-1,55208333333333
4,96666666666667	22	298	298	-1,94010416666667
4,98333333333333	23	299	299	-2,328125
5,00001666666667	30	300	300	-2,328125
5,01666666666667	28	301	301	-1,94010416666667
5,03331666666667	30	302	302	-1,94010416666667
5,05	33	303	303	-2,328125
5,06665	24	304	304	-1,94010416666667
5,08331666666667	43	305	305	-1,94010416666667
5,1	30	306	306	-1,94010416666667
5,11666666666667	35	307	307	-1,55208333333333
5,13331666666667	25	308	308	-2,328125
5,14998333333333	27	309	309	-1,94010416666667
5,16666666666667	32	310	310	-1,94010416666667
5,18335	31	311	311	-1,94010416666667
5,2	31	312	312	-1,94010416666667
5,21668333333333	28	313	313	-1,55208333333333
5,23335	35	314	314	-1,94010416666667
5,25001666666667	26	315	315	-2,328125
5,26668333333333	28	316	316	-2,328125
5,28335	28	317	317	-2,328125
5,3	33	318	318	-1,1640625
5,31666666666667	22	319	319	-1,55208333333333
5,33335	27	320	320	-2,328125
5,35	31	321	321	-1,55208333333333
5,36668333333333	33	322	322	-2,328125
5,38333333333333	21	323	323	-1,1640625
5,40001666666667	28	324	324	-1,1640625
5,41666666666667	23	325	325	-1,55208333333333
5,43333333333333	41	326	326	-1,1640625
5,45	17	327	327	-2,328125
5,46666666666667	28	328	328	-1,94010416666667
5,48333333333333	30	329	329	-1,94010416666667
5,5	19	330	330	-2,328125
5,51666666666667	33	331	331	-1,94010416666667
5,53333333333333	27	332	332	-1,94010416666667
5,55	14	333	333	-1,55208333333333
5,56668333333333	32	334	334	-1,94010416666667
5,58333333333333	19	335	335	-2,328125
5,60001666666667	27	336	336	-2,328125
5,61668333333333	15	337	337	-1,55208333333333
5,63333333333333	21	338	338	-1,94010416666667
5,65	22	339	339	-1,94010416666667
5,66668333333333	15	340	340	-2,328125
5,68333333333333	24	341	341	-2,328125
5,7	29	342	342	-1,94010416666667
5,71665	26	343	343	-1,94010416666667
5,73335	32	344	344	-1,94010416666667
5,75001666666667	20	345	345	-1,55208333333333
5,76666666666667	23	346	346	-1,94010416666667
5,78333333333333	12	347	347	-1,94010416666667
5,80001666666667	29	348	348	-1,94010416666667
5,81666666666667	11	349	349	-1,55208333333333
5,83333333333333	24	350	350	-2,328125
5,85	10	351	351	-2,328125
5,86666666666667	15	352	352	-2,328125
5,88331666666667	27	353	353	-1,94010416666667
5,90001666666667	31	354	354	-1,94010416666667
5,91666666666667	18	355	355	-2,328125
5,93333333333333	20	356	356	-1,55208333333333
5,95	22	357	357	-1,55208333333333
5,96666666666667	21	358	358	-1,94010416666667
5,98333333333333	22	359	359	-2,328125
6,00001666666667	25	360	360	-1,55208333333333
6,01666666666667	9	361	361	-2,328125
6,03333333333333	21	362	362	-1,1640625
6,05	18	363	363	-1,94010416666667
6,06666666666667	20	364	364	-2,328125
6,08333333333333	24	365	365	-2,328125
6,1	20	366	366	-2,328125
6,11666666666667	14	367	367	-2,328125
6,13331666666667	23	368	368	-2,328125
6,15	22	369	369	-1,1640625
6,16668333333333	13	370	370	-1,1640625
6,18333333333333	26	371	371	-1,94010416666667
6,20001666666667	18	372	372	-2,328125
6,21665	25	373	373	-1,94010416666667
6,23333333333333	26	374	374	-1,1640625
6,24998333333333	19	375	375	-1,1640625
6,26666666666667	15	376	376	-1,94010416666667
6,28335	16	377	377	-1,55208333333333
6,3	15	378	378	-1,94010416666667
6,31666666666667	16	379	379	-1,94010416666667
6,33333333333333	19	380	380	-1,94010416666667
6,35	16	381	381	-2,328125
6,36666666666667	13	382	382	-1,94010416666667
6,38331666666667	17	383	383	-2,328125
6,39998333333333	14	384	384	-1,55208333333333
6,41668333333333	18	385	385	-1,94010416666667
6,43331666666667	19	386	386	-2,328125
6,44998333333333	12	387	387	-2,328125
6,46665	21	388	388	-1,55208333333333
6,48333333333333	19	389	389	-2,328125
6,5	15	390	390	-1,94010416666667
6,51666666666667	13	391	391	-1,1640625
6,53331666666667	15	392	392	-2,328125
6,55001666666667	12	393	393	-2,328125
6,56666666666667	12	394	394	-2,328125
6,58335	17	395	395	-1,55208333333333
6,60001666666667	17	396	396	-1,1640625
6,61666666666667	22	397	397	-1,55208333333333
6,63335	19	398	398	-1,94010416666667
6,65	11	399	399	-1,55208333333333
6,66668333333333	12	400	400	-1,55208333333333
6,68335	20	401	401	-2,328125
6,7	12	402	402	-2,328125
6,71668333333333	12	403	403	-2,328125
6,73335	14	404	404	-1,94010416666667
6,75001666666667	25	405	405	-2,328125
6,76666666666667	14	406	406	-1,55208333333333
6,78333333333333	23	407	407	-1,94010416666667
6,8	22	408	408	-2,328125
6,81666666666667	6	409	409	-2,328125
6,83333333333333	5	410	410	-2,328125
6,85	13	411	411	-1,55208333333333
6,86666666666667	18	412	412	-2,328125
6,88335	14	413	413	-1,1640625
6,9	7	414	414	-1,94010416666667
6,91666666666667	11	415	415	-2,328125
6,93333333333333	8	416	416	-2,328125
6,95006666666667	9	417	417	-2,328125
6,96666666666667	16	418	418	-2,328125
6,98335	12	419	419	-1,1640625
7	13	420	420	-1,1640625
7,01666666666667	15	421	421	-1,55208333333333
7,03333333333333	21	422	422	-2,328125
7,05	15	423	423	-1,55208333333333
7,06666666666667	13	424	424	-1,55208333333333
7,08333333333333	15	425	425	-1,94010416666667
7,1	9	426	426	-1,55208333333333
7,11665	12	427	427	-1,94010416666667
7,13333333333333	13	428	428	-1,1640625
7,15	5	429	429	-1,94010416666667
7,16666666666667	16	430	430	-1,1640625
7,18333333333333	11	431	431	-2,328125
7,2	7	432	432	-1,55208333333333
7,21665	10	433	433	-1,55208333333333
7,23333333333333	11	434	434	-2,328125
7,25	16	435	435	-1,94010416666667
7,26666666666667	3	436	436	-2,328125
7,28333333333333	13	437	437	-2,328125
7,30001666666667	8	438	438	-1,55208333333333
7,31666666666667	8	439	439	-2,328125
7,33333333333333	14	440	440	-2,328125
7,35	13	441	441	-1,1640625
7,36665	10	442	442	-2,328125
7,38333333333333	9	443	443	-1,94010416666667
7,39998333333333	11	444	444	-2,328125
7,41666666666667	11	445	445	-2,328125
7,43338333333333	16	446	446	-1,55208333333333
7,45	8	447	447	-1,94010416666667
7,46665	9	448	448	-2,328125
7,48331666666667	8	449	449	-1,55208333333333
7,5	8	450	450	-2,328125
7,51665	15	451	451	-2,328125
7,53336666666667	9	452	452	-1,1640625
7,55	16	453	453	-1,55208333333333
7,56666666666667	15	454	454	-2,328125
7,58333333333333	9	455	455	-2,328125
7,59998333333333	14	456	456	-1,55208333333333
7,61666666666667	12	457	457	-2,328125
7,63333333333333	10	458	458	-1,1640625
7,65	14	459	459	-2,328125
7,66665	12	460	460	-2,328125
7,68333333333333	9	461	461	-1,1640625
7,69998333333333	10	462	462	-2,328125
7,7167	14	463	463	-2,328125
7,73331666666667	10	464	464	-1,55208333333333
7,74998333333333	12	465	465	-2,328125
7,76665	10	466	466	-2,328125
7,78333333333333	4	467	467	-2,328125
7,8	5	468	468	-2,328125
7,81665	9	469	469	-2,328125
7,83331666666667	9	470	470	-2,328125
7,84998333333333	8	471	471	-1,94010416666667
7,8667	14	472	472	-1,55208333333333
7,88331666666667	9	473	473	-1,94010416666667
7,89998333333333	12	474	474	-1,55208333333333
7,91666666666667	7	475	475	-1,94010416666667
7,93333333333333	9	476	476	-1,1640625
7,95003333333333	6	477	477	-1,94010416666667
7,96665	11	478	478	-1,94010416666667
7,98331666666667	4	479	479	-1,55208333333333
7,99998333333333	7	480	480	-2,328125
8,01666666666667	7	481	481	-1,1640625
8,03333333333333	7	482	482	-1,94010416666667
8,05	17	483	483	-1,1640625
8,06668333333333	7	484	484	-1,55208333333333
8,08333333333333	9	485	485	-2,328125
8,1	10	486	486	-2,328125
8,11668333333333	5	487	487	-2,328125
8,13333333333333	7	488	488	-1,94010416666667
8,15	13	489	489	-1,94010416666667
8,16666666666667	1	490	490	-1,94010416666667
8,18333333333333	7	491	491	-2,328125
8,2	13	492	492	-1,55208333333333
8,2167	10	493	493	-1,94010416666667
8,23333333333333	9	494	494	-1,94010416666667
8,25	3	495	495	-1,94010416666667
8,26666666666667	6	496	496	-2,328125
8,28333333333333	4	497	497	-1,94010416666667
8,3	4	498	498	-1,55208333333333
8,31666666666667	12	499	499	-1,94010416666667
8,33333333333333	9	500	500	-1,94010416666667
8,35001666666667	7	501	501	-2,328125
8,36668333333333	9	502	502	-1,94010416666667
8,38333333333333	4	503	503	-1,94010416666667
8,40001666666667	13	504	504	-1,1640625
8,41668333333333	5	505	505	-1,94010416666667
8,43333333333333	10	506	506	-1,1640625
8,45	14	507	507	-2,328125
8,46666666666667	3	508	508	-2,328125
8,48335	12	509	509	-1,94010416666667
8,5	18	510	510	-1,94010416666667
8,51666666666667	8	511	511	-1,1640625
8,53333333333333	2	512	512	-1,55208333333333
8,55001666666667	5	513	513	-1,55208333333333
8,56666666666667	11	514	514	-1,94010416666667
8,58331666666667	8	515	515	-1,55208333333333
8,59998333333333	8	516	516	-2,328125
8,61668333333333	9	517	517	-2,328125
8,63335	7	518	518	-1,94010416666667
8,65	9	519	519	-1,1640625
8,66665	8	520	520	-1,55208333333333
8,68333333333333	6	521	521	-1,55208333333333
8,70001666666667	6	522	522	-1,94010416666667
8,71666666666667	9	523	523	-2,328125
8,73331666666667	2	524	524	-1,55208333333333
8,75	6	525	525	-1,94010416666667
8,76666666666667	6	526	526	-2,328125
8,78335	4	527	527	-1,55208333333333
8,8	5	528	528	-1,94010416666667
8,81666666666667	6	529	529	-1,55208333333333
8,83333333333333	4	530	530	-1,55208333333333
8,85	12	531	531	-1,1640625
8,86668333333333	6	532	532	-2,328125
8,88335	7	533	533	-2,328125
8,9	11	534	534	-2,328125
8,91665	8	535	535	-1,1640625
8,93333333333333	7	536	536	-1,94010416666667
8,94998333333333	5	537	537	-1,55208333333333
8,96666666666667	7	538	538	-2,328125
8,98331666666667	7	539	539	-1,55208333333333
9	4	540	540	-2,328125
9,01668333333333	9	541	541	-2,328125
9,03333333333333	7	542	542	-2,328125
9,05	5	543	543	-1,1640625
9,06666666666667	7	544	544	-1,94010416666667
9,08331666666667	5	545	545	-1,94010416666667
9,1	10	546	546	-1,1640625
9,11666666666667	3	547	547	-2,328125
9,13333333333333	8	548	548	-1,1640625
9,14998333333333	5	549	549	-1,94010416666667
9,16665	7	550	550	-1,1640625
9,18333333333333	6	551	551	-1,94010416666667
9,2	6	552	552	-1,55208333333333
9,21666666666667	9	553	553	-1,55208333333333
9,23331666666667	4	554	554	-1,94010416666667
9,25	5	555	555	-1,55208333333333
9,26666666666667	8	556	556	-2,328125
9,28331666666667	7	557	557	-2,328125
9,29998333333333	9	558	558	-1,55208333333333
9,31665	2	559	559	-2,328125
9,33335	2	560	560	-1,94010416666667
9,35	7	561	561	-1,55208333333333
9,36668333333333	5	562	562	-1,55208333333333
9,38333333333333	8	563	563	-2,328125
9,40006666666667	7	564	564	-1,55208333333333
9,41666666666667	3	565	565	-1,94010416666667
9,43333333333333	8	566	566	-1,94010416666667
9,45	2	567	567	-1,55208333333333
9,46668333333333	7	568	568	-2,328125
9,48335	5	569	569	-1,94010416666667
9,5	9	570	570	-1,94010416666667
9,51668333333333	5	571	571	-1,94010416666667
9,53335	6	572	572	-2,328125
9,55	7	573	573	-1,1640625
9,56666666666667	7	574	574	-1,94010416666667
9,58335	3	575	575	-1,94010416666667
9,6	3	576	576	-2,328125
9,61666666666667	3	577	577	-2,328125
9,63333333333333	4	578	578	-2,328125
9,65001666666667	4	579	579	-1,55208333333333
9,66668333333333	5	580	580	-2,328125
9,68333333333333	2	581	581	-1,94010416666667
9,7	2	582	582	-2,328125
9,71665	6	583	583	-1,94010416666667
9,73331666666667	7	584	584	-1,94010416666667
9,74998333333333	10	585	585	-2,328125
9,76668333333333	4	586	586	-2,328125
9,78333333333333	5	587	587	-1,1640625
9,80005	3	588	588	-1,94010416666667
9,81666666666667	6	589	589	-1,94010416666667
9,83333333333333	4	590	590	-1,94010416666667
9,84998333333333	2	591	591	-1,55208333333333
9,86668333333333	3	592	592	-2,328125
9,88333333333333	0	593	593	-1,1640625
9,9	6	594	594	-2,328125
9,91668333333333	4	595	595	-1,55208333333333
9,93333333333333	6	596	596	-2,328125
9,95	4	597	597	-2,328125
9,96666666666667	2	598	598	-1,94010416666667
9,98333333333333	5	599	599	-2,328125
9,99998333333333	7	600	600	-1,94010416666667
	4	601	601	
	2	602	602	
	5	603	603	
	2	604	604	
	1	605	605	
	2	606	606	
	4	607	607	
	5	608	608	
	6	609	609	
	4	610	610	
	4	611	611	
	1	612	612	
	3	613	613	
	2	614	614	
	10	615	615	
	3	616	616	
	4	617	617	
	3	618	618	
	8	619	619	
	3	620	620	
	8	621	621	
	2	622	622	
	3	623	623	
	5	624	624	
	2	625	625	
	4	626	626	
	3	627	627	
	4	628	628	
	2	629	629	
	3	630	630	
	4	631	631	
	6	632	632	
	6	633	633	
	2	634	634	
	3	635	635	
	5	636	636	
	3	637	637	
	4	638	638	
	5	639	639	
	6	640	640	
	5	641	641	
	2	642	642	
	2	643	643	
	3	644	644	
	7	645	645	
	4	646	646	
	2	647	647	
	4	648	648	
	1	649	649	
	1	650	650	
	5	651	651	
	5	652	652	
	9	653	653	
	6	654	654	
	1	655	655	
	2	656	656	
	9	657	657	
	1	658	658	
	5	659	659	
	5	660	660	
	4	661	661	
	1	662	662	
	7	663	663	
	3	664	664	
	8	665	665	
	2	666	666	
	6	667	667	
	0	668	668	
	2	669	669	
	2	670	670	
	1	671	671	
	0	672	672	
	3	673	673	
	6	674	674	
	5	675	675	
	3	676	676	
	1	677	677	
	9	678	678	
	4	679	679	
	3	680	680	
	4	681	681	
	5	682	682	
	3	683	683	
	1	684	684	
	3	685	685	
	5	686	686	
	3	687	687	
	4	688	688	
	4	689	689	
	2	690	690	
	5	691	691	
	5	692	692	
	1	693	693	
	6	694	694	
	2	695	695	
	2	696	696	
	5	697	697	
	4	698	698	
	2	699	699	
	2	700	700	
	5	701	701	
	2	702	702	
	3	703	703	
	2	704	704	
	2	705	705	
	3	706	706	
	6	707	707	
	4	708	708	
	0	709	709	
	5	710	710	
	8	711	711	
	4	712	712	
	2	713	713	
	3	714	714	
	2	715	715	
	4	716	716	
	3	717	717	
	5	718	718	
	4	719	719	
	4	720	720	
	5	721	721	
	2	722	722	
	2	723	723	
	2	724	724	
	3	725	725	
	0	726	726	
	1	727	727	
	5	728	728	
	3	729	729	
	1	730	730	
	1	731	731	
	3	732	732	
	6	733	733	
	2	734	734	
	6	735	735	
	1	736	736	
	2	737	737	
	2	738	738	
	2	739	739	
	1	740	740	
	1	741	741	
	3	742	742	
	1	743	743	
	2	744	744	
	5	745	745	
	5	746	746	
	7	747	747	
	1	748	748	
	2	749	749	
	1	750	750	
	2	751	751	
	3	752	752	
	4	753	753	
	1	754	754	
	4	755	755	
	2	756	756	
	3	757	757	
	3	758	758	
	2	759	759	
	4	760	760	
	4	761	761	
	2	762	762	
	1	763	763	
	2	764	764	
	6	765	765	
	3	766	766	
	1	767	767	
	4	768	768	
	4	769	769	
	3	770	770	
	1	771	771	
	4	772	772	
	4	773	773	
	2	774	774	
	4	775	775	
	6	776	776	
	2	777	777	
	2	778	778	
	4	779	779	
	4	780	780	
	2	781	781	
	3	782	782	
	3	783	783	
	1	784	784	
	4	785	785	
	0	786	786	
	6	787	787	
	1	788	788	
	3	789	789	
	2	790	790	
	2	791	791	
	1	792	792	
	2	793	793	
	3	794	794	
	2	795	795	
	4	796	796	
	6	797	797	
	2	798	798	
	2	799	799	
	2	800	800	
	1	801	801	
	2	802	802	
	0	803	803	
	0	804	804	
	3	805	805	
	2	806	806	
	2	807	807	
	4	808	808	
	1	809	809	
	2	810	810	
	1	811	811	
	1	812	812	
	3	813	813	
	1	814	814	
	4	815	815	
	4	816	816	
	2	817	817	
	0	818	818	
	1	819	819	
	2	820	820	
	1	821	821	
	1	822	822	
	1	823	823	
	1	824	824	
	3	825	825	
	3	826	826	
	3	827	827	
	1	828	828	
	1	829	829	
	2	830	830	
	5	831	831	
	3	832	832	
	6	833	833	
	2	834	834	
	0	835	835	
	1	836	836	
	0	837	837	
	1	838	838	
	2	839	839	
	2	840	840	
	1	841	841	
	2	842	842	
	1	843	843	
	1	844	844	
	3	845	845	
	5	846	846	
	1	847	847	
	2	848	848	
	1	849	849	
	0	850	850	
	1	851	851	
	3	852	852	
	7	853	853	
	3	854	854	
	5	855	855	
	3	856	856	
	1	857	857	
	2	858	858	
	2	859	859	
	2	860	860	
	3	861	861	
	3	862	862	
	2	863	863	
	1	864	864	
	2	865	865	
	4	866	866	
	2	867	867	
	2	868	868	
	1	869	869	
	1	870	870	
	1	871	871	
	5	872	872	
	2	873	873	
	2	874	874	
	1	875	875	
	1	876	876	
	1	877	877	
	1	878	878	
	4	879	879	
	1	880	880	
	2	881	881	
	1	882	882	
	3	883	883	
	1	884	884	
	2	885	885	
	2	886	886	
	2	887	887	
	5	888	888	
	1	889	889	
	0	890	890	
	3	891	891	
	4	892	892	
	1	893	893	
	2	894	894	
	7	895	895	
	1	896	896	
	5	897	897	
	4	898	898	
	2	899	899	
	6	900	900	
	2	901	901	
	1	902	902	
	3	903	903	
	1	904	904	
	2	905	905	
	3	906	906	
	2	907	907	
	4	908	908	
	0	909	909	
	2	910	910	
	1	911	911	
	0	912	912	
	1	913	913	
	3	914	914	
	4	915	915	
	3	916	916	
	1	917	917	
	6	918	918	
	1	919	919	
	3	920	920	
	4	921	921	
	1	922	922	
	2	923	923	
	3	924	924	
	1	925	925	
	4	926	926	
	3	927	927	
	3	928	928	
	2	929	929	
	2	930	930	
	2	931	931	
	6	932	932	
	3	933	933	
	0	934	934	
	2	935	935	
	1	936	936	
	6	937	937	
	6	938	938	
	4	939	939	
	0	940	940	
	2	941	941	
	1	942	942	
	2	943	943	
	2	944	944	
	4	945	945	
	0	946	946	
	3	947	947	
	1	948	948	
	4	949	949	
	2	950	950	
	3	951	951	
	1	952	952	
	4	953	953	
	3	954	954	
	1	955	955	
	1	956	956	
	1	957	957	
	1	958	958	
	1	959	959	
	5	960	960	
	4	961	961	
	3	962	962	
	2	963	963	
	3	964	964	
	4	965	965	
	4	966	966	
	0	967	967	
	4	968	968	
	1	969	969	
	1	970	970	
	3	971	971	
	2	972	972	
	5	973	973	
	0	974	974	
	4	975	975	
	1	976	976	
	3	977	977	
	3	978	978	
	1	979	979	
	1	980	980	
	1	981	981	
	2	982	982	
	5	983	983	
	1	984	984	
	8	985	985	
	2	986	986	
	3	987	987	
	5	988	988	
	5	989	989	
	3	990	990	
	5	991	991	
	3	992	992	
	4	993	993	
	2	994	994	
	1	995	995	
	3	996	996	
	5	997	997	
	0	998	998	
	4	999	999	
	3	1000	1000	
	4	1001	1001	
	2	1002	1002	
	1	1003	1003	
	3	1004	1004	
	4	1005	1005	
	4	1006	1006	
	3	1007	1007	
	2	1008	1008	
	4	1009	1009	
	3	1010	1010	
	2	1011	1011	
	3	1012	1012	
	2	1013	1013	
	3	1014	1014	
	4	1015	1015	
	5	1016	1016	
	2	1017	1017	
	4	1018	1018	
	4	1019	1019	
	0	1020	1020	
	0	1021	1021	
	0	1022	1022	
	964	1023	1023	
